# 3C273
0900-07161317   187.212267   2.108587   12.68   0.04   12.31   0.04   11.99   0.06
0900-07162440   187.285175   2.005584   12.69   0.04   12.27   0.05   11.84   0.04
0900-07162096	187.263664   2.055175   13.56   0.05   13.16   0.05   12.83   0.05
# 3C279
15554608+1111195 	     238.942022	      11.188766	    13.920	0.008	13.558	0.004	13.244	0.012	
15555218+1113185 	     238.967446	      11.221829	    13.828	0.001	13.435	0.001	13.077	0.007		
15555148+1108168 	     238.964540	      11.138025	    14.508	0.008	13.774	0.006	13.166	0.011		
15555904+1110124 	     238.996021	      11.170129	    13.406	0.005	12.915	0.003	12.452	0.009		
15553189+1109404 	     238.882887	      11.161223	    12.832	0.007	12.461	0.005	12.131	0.011		
15560344+1109134 	     239.014341	      11.153730	    14.167	0.009	13.632	0.005	13.185	0.009 	 	
15552214+1110489 	     238.842265	      11.180276	    13.108	0.007	12.689	0.009	12.334	0.011 	
# 3C446
0825-19660494  336.454520   -4.965823   15.17   0.04   14.77   0.09   -999   -999
0825-19660148  336.439045   -4.932378   15.56   0.07   15.21   0.10   -999   -999
0825-19659623  336.415467   -4.927084   15.96   0.13   15.63   0.14   -999   -999
# 0235_16
1050-00712284   39.652675   16.607573   13.037   0.002   12.678   0.029   12.373   -999
1050-00711952   39.634564   16.600217   12.720   0.002   12.137   0.001   11.790   0.020
1050-00711778   39.622381   16.612720   12.936   -999    12.480   0.030   12.080   0.030
1050-00712929   39.689817   16.646375   13.973   0.002   13.589   0.013   13.219   0.011
1050-00712516   39.666028   16.622248   15.025   0.014   14.203   0.006	  13.731   0.010
# 0528_134
0975-01666457   82.719356   13.578020   13.20   0.03   12.73   0.03   -999    -999
0975-01666639	82.722225   13.560095   14.60   0.03   13.92   0.04   -999    -999
0975-01668728   82.757148   13.530656   15.69   0.04   15.08   0.03   -999    -999
# 0548-332
0525-02416774	87.67413    -32.28647	13.36	0.01	13.02	0.02	12.71	0.02
0525-02416499	87.66875    -32.25611	13.28	0.01	12.89	0.02	12.47	0.02
# 0735_17
07380249+1741219	114.51038	17.68944	14.45	0.04	13.85	0.04	13.32	0.04    
07380057+1741197	114.50242	17.68883	13.26	0.04	12.89	0.04	12.57	0.04  
07380855+1740292	114.53567	17.67478	13.31	0.04	12.79	0.04	12.32	0.04  
07381149+1740044	114.54787	17.66792	14.17	0.05	13.80	0.04	13.48	0.04  	
07380835+1744592	114.53483	17.74978	15.90	0.05	15.49	0.05	15.12	0.06  
# 0736_17
0900-05242529   114.817212   1.626381    15.37   0.07   14.97   0.08   -999   -999
0900-05240594	114.794425   1.612120    -999    -999   15.8    -999   -999   -999
0900-05243220	114.825656   1.647178    -999    -999   16.5    -999   -999   -999
# OJ 287
  08545900+2002579	     133.74583	      20.04942	    13.986	    0.003	    13.636	    0.004	    13.293	    0.006   
  08545741+2002570	     133.73916	      20.04917	    15.624	    0.005	    15.351	    0.003	    15.100	    0.005  
  08550201+2002570	     133.75838	      20.04917      17.172	    0.018	    16.829	    0.012	    16.499	    0.014  
  08544083+2003520	     133.67012	      20.06444      16.559	    0.005	    15.827	    0.003	    15.167	    0.008  
  08550294+2003538 	     133.762255	      20.064951	    14.439	    0.027	    14.014	    0.039	    14.024	    0.047  
  08543652+2004023 	     133.652169	      20.067310	    15.203	    0.009	    14.798	    0.002	    14.408	    0.008  	
  08545050+2004027 	     133.710433	      20.067438	    7.643           0.012           16.772          0.005           15.946          0.007  
  08550051+2004043 	     133.752129	      20.067883	    16.385          0.006           15.878          0.004           15.430          0.005  
  08545338+2004448 	     133.722442	      20.079124	    12.647	    0.023	    12.206	    0.022	    12.114	    0.020  
  08543563+2005011 	     133.648499	      20.083645	    16.541          0.010           16.134          0.007           15.734          0.019  
  08550627+2005165 	     133.776164	      20.087933     15.166          0.005    	    14.788          0.006           14.445          0.011  
  08545520+2005423 	     133.730039	      20.095087	    13.889	    0.027	    13.568	    0.028	    13.521	    0.038  
  08545445+2006136 	     133.726893	      20.103804	    13.612	    0.027	    13.325	    0.028	    13.256	    0.031  
  08544129+2006432 	     133.672068	      20.112001     15.869          0.004           15.431          0.004           15.003          0.004  
  08544506+2006501 	     133.687765	      20.113920	    13.982	    0.026	    13.336	    0.023	    13.130	    0.026  
  08544612+2007197 	     133.692171	      20.122147	    14.474	    0.032	    14.045	    0.038	    14.023	    0.046   
  08544590+2007530 	     133.691287	      20.131399	    16.959          0.004           16.485          0.007           16.030          0.010  
  08545188+2008151 	     133.716167	      20.137531     17.597          0.011           16.863          0.007           16.177          0.008  
  08545096+2009031 	     133.712363	      20.150887     15.820          0.004           15.455          0.004           15.092          0.004  
  08545348+2009126 	     133.722864	      20.153515	    16.768          0.005           16.255          0.008           15.740          0.010  
# 1156_295
1125-06424662   179.938270    29.192756   13.39   0.05   13.01   0.02   -999   -999
1125-06425356	179.990175    29.252490   15.38   0.05	 15.00   0.02   14.62   0.07
1125-06425428	179.994828    29.262214   15.91   0.04	 15.54   0.02   15.16   0.18
1125-06425168	179.973553    29.263703   16.60   0.04	 16.28   0.02   15.88   0.30
# 1510_089
0750-08845554   228.192167   -9.089928   11.60   0.03   11.23   0.03   10.87   0.02
0750-08846518   228.221620   -9.061728   13.26   0.03   12.95   0.03   12.60   0.06
0750-08845308   228.184559   -9.110884   14.44   0.06   13.98   0.09   13.54   0.05
0750-08846328   228.215248   -9.089662   14.72   0.06   14.34   0.05   13.87   0.05
0750-08847694   228.256220   -9.111103   14.70   0.05   14.35   0.05   -999   -999
0750-08846479	228.220428   -9.116273   15.16   0.02   14.61   0.02   -999   -999
# 1622_29
0600-20477202   246.519725   -29.864195   -999   -999   16.20   0.10  15.49  0.05
0660-20475047   246.505614   -29.855431   -999   -999   16.10   0.10  15.29  0.04
0660-20483220	246.560442   -29.849600   -999   -999   16.07   0.10  -999   -999
0600-20483799   246.564312   -29.856070   -999   -999   16.99   0.10  -999   -999
0600-20473164   246.493406   -29.870439   -999   -999   15.71   0.10  -999   -999
0600-20471114   246.480534   -29.865378   -999   -999   15.65   0.10  -999   -999
# 2005_489
    20092339-4844583 	     302.347474	     -48.749554	    12.89	0.0	12.55	0.0	-999.9	0.0	
    20091124-4845153 	     302.296843	     -48.754269	    14.96	0.0	14.26	0.0	-999.9 	0.0     
    20091202-4845003 	     302.300086	     -48.750084	    14.97	0.0	14.40	0.0	-999.9	0.0	 
    20085871-4845177	     302.24461	     -48.75495	    15.45	0.0	15.07   0.0     -999.9   0.0     
    20090231-4845342 	     302.259663	     -48.759510	    13.11	0.0	12.85	0.0	-999.9   0.0  	
    20092291-4845385 	     302.345476	     -48.760700	    14.18	0.0	13.74	0.0	-999.9	0.0  	
    20095205-4846167 	     302.466904	     -48.771328	    14.99	0.0	14.61	0.0	-999.9	0.0	
    20093867-4846178 	     302.411162	     -48.771614     13.59	0.0	13.07	0.0	12.53	0.06 	
    20095988-4846306         302.49954       -48.77519	    14.97	0.0	14.58	0.0	-999.9	0.0     
    20090419-4846322 	     302.267465	     -48.775635	    15.13	0.0	14.73	0.0	-999.9	0.0     
    20100260-4846318         302.51088	     -48.77553 	    13.88	0.0	13.60	0.0	-999.9	0.0	
    20091904-4846431 	     302.329354	     -48.778648	    14.41	0.0	13.89	0.0	13.45	0.11  	
    20090048-4848222         302.252004      -48.806190	    14.81	0.0	14.39	0.0	-999.9	0.0     
    20090707-4848268 	     302.279474	     -48.807446     15.09	0.0	14.73   0.0     -999.9   0.0	
    20085909-4848332 	     302.246247	     -48.809227	    14.01	0.0	13.61	0.0	-999.9	0.0	
    20095303-4848415 	     302.470979	     -48.811554	    14.76	0.0	14.28	0.0	-999.9	0.0	
    20094871-4848515 	     302.452991	     -48.814327	    12.14	0.0	11.84   0.0	11.49   0.12	 
    20090144-4848589 	     302.256000	     -48.816372	    15.04	0.0	14.46	0.0	-999.99	0.0	
    20090062-4849056 	     302.252596	     -48.818230	    12.68	0.0	12.05   0.0	11.49	0.08	
    20094003-4850218 	     302.416801	     -48.839397	    14.92	0.0	14.39   0.0	13.73	0.08	
    20091767-4850566 	     302.323634	     -48.849079	    14.88	0.0	14.55	0.0	14.19   0.0	
    20095934-4851231 	     302.497266	     -48.856419	    15.41	0.0	15.00	0.0	-999.9	0.0	
    20095015-4851322 	     302.458986	     -48.858971	    14.67	0.0	14.33	0.0	-999.9	0.0     
    20093867-4846178 	     302.411162	     -48.771614     13.59	0.0	13.07	0.0	12.53	0.06 
    20091904-4846431 	     302.329354	     -48.778648	    14.41	0.0	13.89	0.0	13.45	0.11  	
    20094871-4848515 	     302.452991	     -48.814327	    12.14	0.0	11.84   0.0	11.49   0.12
    20090062-4849056 	     302.252596	     -48.818230	    12.68	0.0	12.05   0.0	11.49	0.08
    20090542-4847208 	     302.272606	     -48.789127	    99.99	9.9     11.4	9.9	10.71   0.12    
# 2155_304
0525-43579818   329.760109   -30.179592   12.05   0.01   11.67   0.01   11.30   0.02
0525-43580237	329.771823   -30.180881   13.00   0.01	 12.47   0.02 	12.02   0.02
#0525-43576696	329.676362   -30.174253   14.28   0.01	 13.92   0.02   13.56   0.02
0525-43579164   329.741639   -30.224637   15.53   0.03	 15.01   0.04   14.69   0.03
# cta_102
0975-20979737   338.092614   11.706656   13.98   0.03   13.56   0.04   -999   -999
0975-20979909	338.099859   11.739345   14.88   0.03   14.07   0.07   -999   -999
# wComae
1125-06498629   185.390892   28.217539   12.08   0.02   11.72   0.04   11.40   0.04
1125-06497475   185.307595   28.218392   13.04   0.02   12.1   -999   -999   -999
1125-06498772   185.400453   28.342142   13.51   0.02   12.2   -999   -999   -999
1125-06498302   185.370412   28.276509   14.82   0.02   13.86   0.04   12.68   0.04
1125-06497371   185.288117   28.198531   15.60   0.04   14.5   -999   -999   -999
1125-06498931   185.415064   28.251931   16.63   0.04   16.0   -999   -999   -999
1125-06498264   185.368006   28.320545   17.05   0.04   15.9   -999   -999   -999
# PKS0537-441
0450-02131818	84.76873     -44.11067   10.68   0.01   10.40  0.01   10.12  0.01
0450-02129363	84.70549     -44.02487   13.20   0.01   12.87  0.01   12.54  0.01
0450-02131094   84.74989     -44.02191   14.08	 0.01   13.71  0.01   13.34  0.01
0450-02121005	84.49197     -44.07374	 12.79   0.01   12.25  0.01   11.76  0.01
0450-02121232	84.49818     -44.06423	 12.81   0.01   12.49  0.01   12.16  0.01
0450-02127423	84.65753     -44.05674	 14.48	 0.01   14.14  0.01   13.80  0.01   